***** Stress1 *****
1, 3, 1, 3, 6, 4, 7, 8, 4, 9, 2, 1, 6, 4, 3, 7, 6, 4, 4, 3, 9, 2, 9, 3, 9, 2, 8, 7, 4, 7, 2, 4, 6, 8, 1, 4, 9, 9, 9, 2, 9, 7, 7, 1, 1, 2, 1, 1, 5, 8, 4, 3, 1, 7, 5, 4, 4, 4, 9, 1, 8, 1, 8, 6, 6, 2, 6, 8, 6, 8, 3, 6, 4, 1, 9, 7, 5, 3, 9, 4, 7, 9, 9, 4, 1, 2, 3, 6, 3, 5, 6, 9, 4, 5, 2, 7, 5, 8, 2, 9
remove 1, new list: 3, 3, 6, 4, 7, 8, 4, 9, 2, 6, 4, 3, 7, 6, 4, 4, 3, 9, 2, 9, 3, 9, 2, 8, 7, 4, 7, 2, 4, 6, 8, 4, 9, 9, 9, 2, 9, 7, 7, 2, 5, 8, 4, 3, 7, 5, 4, 4, 4, 9, 8, 8, 6, 6, 2, 6, 8, 6, 8, 3, 6, 4, 9, 7, 5, 3, 9, 4, 7, 9, 9, 4, 2, 3, 6, 3, 5, 6, 9, 4, 5, 2, 7, 5, 8, 2, 9
remove 2, new list: 3, 3, 6, 4, 7, 8, 4, 9, 6, 4, 3, 7, 6, 4, 4, 3, 9, 9, 3, 9, 8, 7, 4, 7, 4, 6, 8, 4, 9, 9, 9, 9, 7, 7, 5, 8, 4, 3, 7, 5, 4, 4, 4, 9, 8, 8, 6, 6, 6, 8, 6, 8, 3, 6, 4, 9, 7, 5, 3, 9, 4, 7, 9, 9, 4, 3, 6, 3, 5, 6, 9, 4, 5, 7, 5, 8, 9
remove 3, new list: 6, 4, 7, 8, 4, 9, 6, 4, 7, 6, 4, 4, 9, 9, 9, 8, 7, 4, 7, 4, 6, 8, 4, 9, 9, 9, 9, 7, 7, 5, 8, 4, 7, 5, 4, 4, 4, 9, 8, 8, 6, 6, 6, 8, 6, 8, 6, 4, 9, 7, 5, 9, 4, 7, 9, 9, 4, 6, 5, 6, 9, 4, 5, 7, 5, 8, 9
remove 4, new list: 6, 7, 8, 9, 6, 7, 6, 9, 9, 9, 8, 7, 7, 6, 8, 9, 9, 9, 9, 7, 7, 5, 8, 7, 5, 9, 8, 8, 6, 6, 6, 8, 6, 8, 6, 9, 7, 5, 9, 7, 9, 9, 6, 5, 6, 9, 5, 7, 5, 8, 9
remove 5, new list: 6, 7, 8, 9, 6, 7, 6, 9, 9, 9, 8, 7, 7, 6, 8, 9, 9, 9, 9, 7, 7, 8, 7, 9, 8, 8, 6, 6, 6, 8, 6, 8, 6, 9, 7, 9, 7, 9, 9, 6, 6, 9, 7, 8, 9
remove 6, new list: 7, 8, 9, 7, 9, 9, 9, 8, 7, 7, 8, 9, 9, 9, 9, 7, 7, 8, 7, 9, 8, 8, 8, 8, 9, 7, 9, 7, 9, 9, 9, 7, 8, 9
remove 7, new list: 8, 9, 9, 9, 9, 8, 8, 9, 9, 9, 9, 8, 9, 8, 8, 8, 8, 9, 9, 9, 9, 9, 8, 9
remove 8, new list: 9, 9, 9, 9, 9, 9, 9, 9, 9, 9, 9, 9, 9, 9, 9
remove 9, new list: 
***** Stress2 *****
Sum is 13812
remove -10, sum is 4770752
remove -9, sum is 9046499
remove -8, sum is 12862867
remove -7, sum is 16197898
remove -6, sum is 19056892
remove -5, sum is 21436137
remove -4, sum is 23340921
remove -3, sum is 24770577
remove -2, sum is 25719911
remove -1, sum is 26195909
remove 0, sum is 26195909
remove 1, sum is 25720370
remove 2, sum is 24766098
remove 3, sum is 23335197
remove 4, sum is 21428185
remove 5, sum is 19048135
remove 6, sum is 16185469
remove 7, sum is 12853357
remove 8, sum is 9045709
remove 9, sum is 4757830
remove 10, sum is 0
***** Stress3 *****
Sum is 10000028
remove 1, sum is 35
