Boats placed:
   0   0   0   0   0   0   0   0   0   0
   0   0   0   0   0   0   0   0   5   0
   0   0   0   0   0   0   0   0   5   0
   0   0   0   0   0   0   0   0   5   0
   0   0   0   1   0   0   0   0   5   0
   0   0   0   1   3   3   3   3   0   0
   0   0   0   1   0   0   4   4   4   4
   0   0   0   1   0   0   2   2   2   2
   0   0   0   0   0   0   0   0   0   0
   0   0   0   0   0   0   0   0   0   0

Final board:
      Hits:  20
    Misses:  80
Duplicates: 525
Boats Sunk:   5
  -1  -1  -1  -1  -1  -1  -1  -1  -1  -1
  -1  -1  -1  -1  -1  -1  -1  -1 105  -1
  -1  -1  -1  -1  -1  -1  -1  -1 105  -1
  -1  -1  -1  -1  -1  -1  -1  -1 105  -1
  -1  -1  -1 101  -1  -1  -1  -1 105  -1
  -1  -1  -1 101 103 103 103 103  -1  -1
  -1  -1  -1 101  -1  -1 104 104 104 104
  -1  -1  -1 101  -1  -1 102 102 102 102
  -1  -1  -1  -1  -1  -1  -1  -1  -1  -1
  -1  -1  -1  -1  -1  -1  -1  -1  -1  -1

